199
0.086
0.077
0.083
0.07
0.08
0.066
0.086
0.079
0.072
0.073
0.087
0.061
0.076
0.076
0.063
0.082
0.089
0.084
0.073
0.096
0.081
0.099
0.093
0.088
0.102
0.083
0.093
0.103
0.103
0.119
0.103
0.111
0.124
0.135
0.14
0.111
0.15
0.129
0.13
0.156
0.144
0.147
0.16
0.143
0.166
0.159
0.181
0.184
0.19
0.196
0.199
0.223
0.235
0.236
0.259
0.223
0.255
0.25
0.243
0.26
0.256
0.248
0.241
0.295
0.278
0.262
0.293
0.278
0.28
0.298
0.289
0.321
0.297
0.304
0.304
0.316
0.291
0.268
0.302
0.312
0.276
0.299
0.319
0.329
0.319
0.322
0.311
0.311
0.302
0.318
0.34
0.32
0.346
0.337
0.347
0.357
0.323
0.365
0.356
0.359
0.35
0.375
0.373
0.34
0.338
0.337
0.381
0.331
0.358
0.354
0.361
0.381
0.353
0.395
0.37
0.345
0.34
0.36
0.336
0.359
0.348
0.352
0.35
0.365
0.337
0.377
0.365
0.371
0.373
0.403
0.395
0.393
0.379
0.396
0.378
0.413
0.409
0.41
0.383
0.395
0.397
0.39
0.39
0.416
0.395
0.403
0.349
0.379
0.412
0.379
0.415
0.393
0.37
0.41
0.405
0.417
0.396
0.396
0.391
0.4
0.391
0.413
0.397
0.401
0.395
0.388
0.417
0.381
0.436
0.393
0.374
0.375
0.41
0.38
0.435
0.446
0.43
0.425
0.426
0.407
0.407
0.431
0.417
0.443
0.436
0.402
0.422
0.413
0.409
0.459
0.392
0.405
0.407
0.359
0.394
0.398
0.44
0.412
0.428
