1
0.054
0.068
0.068
0.054
0.062
0.044
0.064
0.09
0.086
0.064
0.078
0.05
0.054
0.06
0.08
0.07
0.076
0.082
0.096
0.086
0.084
0.078
0.11
0.114
0.118
0.11
0.176
0.138
0.128
0.164
0.162
0.18
0.194
0.188
0.214
0.204
0.23
0.252
0.226
0.248
0.21
0.244
0.24
0.272
0.224
0.252
0.28
0.308
0.264
0.284
0.254
0.256
0.254
0.272
0.312
0.306
0.358
0.356
0.314
0.364
0.336
0.346
0.36
0.352
0.348
0.312
0.328
0.374
0.348
0.318
0.38
0.326
0.324
0.314
0.364
0.324
0.332
0.35
0.37
0.354
0.36
0.396
0.386
0.38
0.324
0.342
0.338
0.394
0.318
0.374
0.322
0.348
0.326
0.4
0.364
0.398
0.398
0.352
0.352
0.36
0.406
0.332
0.374
0.392
0.356
0.36
0.394
0.38
0.32
0.374
0.328
0.356
0.336
0.35
0.358
0.346
0.324
0.398
0.37
0.368
0.376
0.338
0.408
0.396
0.362
0.376
0.394
0.394
0.336
0.402
0.392
0.336
0.342
0.326
0.374
0.366
0.436
0.352
0.312
0.338
0.42
0.436
0.436
0.424
0.402
0.404
0.428
0.432
0.41
0.418
0.444
0.438
0.408
0.4
0.43
0.398
0.428
0.406
0.416
0.414
0.418
0.42
0.412
0.416
0.412
0.43
0.358
0.404
0.43
0.404
0.416
0.412
0.434
0.4
0.478
0.354
0.42
0.448
0.4
0.386
0.464
0.406
0.438
0.404
0.45
0.388
0.45
0.412
0.44
0.404
0.466
0.456
0.396
0.448
0.418
0.466
0.398
0.482
0.434
0.066
