199
0.056
0.066
0.048
0.055
0.057
0.069
0.066
0.069
0.078
0.059
0.075
0.073
0.075
0.096
0.069
0.055
0.08
0.086
0.078
0.079
0.079
0.078
0.103
0.114
0.118
0.133
0.134
0.175
0.143
0.189
0.188
0.213
0.22
0.215
0.255
0.24
0.257
0.266
0.248
0.293
0.277
0.287
0.296
0.32
0.333
0.307
0.327
0.329
0.292
0.321
0.329
0.3
0.328
0.328
0.287
0.32
0.334
0.324
0.317
0.339
0.376
0.339
0.38
0.367
0.345
0.372
0.342
0.397
0.332
0.348
0.374
0.362
0.384
0.333
0.38
0.4
0.356
0.363
0.386
0.387
0.411
0.371
0.374
0.371
0.431
0.389
0.371
0.369
0.359
0.382
0.403
0.441
0.382
0.39
0.413
0.374
0.391
0.41
0.402
0.412
0.396
0.416
0.409
0.399
0.434
0.371
0.371
0.423
0.402
0.386
0.367
0.424
0.423
0.384
0.386
0.359
0.4
0.387
0.389
0.427
0.382
0.41
0.432
0.425
0.403
0.421
0.4
0.415
0.441
0.406
0.391
0.385
0.405
0.386
0.423
0.424
0.418
0.451
0.411
0.402
0.417
0.426
0.424
0.436
0.404
0.42
0.463
0.432
0.432
0.437
0.436
0.405
0.464
0.418
0.429
0.464
0.407
0.44
0.435
0.392
0.429
0.392
0.416
0.43
0.446
0.421
0.44
0.441
0.436
0.43
0.44
0.422
0.415
0.417
0.425
0.458
0.426
0.425
0.448
0.451
0.465
0.433
0.445
0.465
0.446
0.472
0.467
0.459
0.436
0.435
0.449
0.488
0.425
0.437
0.463
0.455
0.445
0.488
0.472