199
0.054
0.055
0.055
0.053
0.055
0.054
0.052
0.053
0.064
0.055
0.062
0.052
0.061
0.053
0.061
0.058
0.055
0.07
0.081
0.066
0.08
0.091
0.086
0.078
0.114
0.11
0.144
0.139
0.122
0.199
0.187
0.201
0.239
0.237
0.234
0.219
0.242
0.253
0.285
0.248
0.285
0.284
0.265
0.292
0.3
0.326
0.321
0.348
0.342
0.313
0.321
0.357
0.348
0.35
0.366
0.366
0.333
0.386
0.358
0.338
0.313
0.356
0.325
0.293
0.341
0.303
0.314
0.318
0.343
0.305
0.334
0.332
0.339
0.296
0.328
0.369
0.356
0.361
0.332
0.304
0.34
0.289
0.315
0.325
0.343
0.355
0.347
0.36
0.357
0.358
0.359
0.363
0.378
0.35
0.354
0.356
0.372
0.336
0.361
0.364
0.363
0.33
0.359
0.327
0.381
0.367
0.33
0.333
0.354
0.384
0.336
0.35
0.369
0.368
0.354
0.384
0.376
0.352
0.354
0.377
0.351
0.362
0.387
0.398
0.363
0.408
0.416
0.377
0.363
0.349
0.395
0.407
0.4
0.421
0.373
0.379
0.388
0.389
0.397
0.433
0.404
0.429
0.419
0.427
0.364
0.378
0.335
0.408
0.389
0.385
0.368
0.39
0.359
0.38
0.399
0.347
0.35
0.406
0.405
0.352
0.388
0.409
0.421
0.405
0.403
0.378
0.403
0.4
0.383
0.384
0.403
0.418
0.393
0.381
0.371
0.408
0.383
0.368
0.414
0.404
0.456
0.37
0.401
0.403
0.382
0.385
0.373
0.403
0.379
0.401
0.412
0.389
0.377
0.418
0.442
0.44
0.406
0.448
0.475
